((("the" .
   [1 0 0])
  ("-bq" .
   [1 0 0])
  ("reads" .
   [1 0 0 0 0])
  ("*intergenic.bam" .
   [0 0 0 0 0 0 1 0 1 0 0 0 0 0 0])
  ("to" .
   [1 0])
  ("use" .
   [1 0 0])
  ("rm" .
   [4 0])
  ("file%%.bam" .
   [2 0 0 0 0 0 1 0 0 0])
  ("-bS" .
   [1 0 0])
  ("*bam" .
   [2 0 0 0])
  ("sort" .
   [2 0 0 2])
  ("2.5" .
   [1 0 0])
  ("t_max" .
   [1 0 0 0 0])
  ("rep" .
   [2 0 0])
  ("list" .
   [2 0 0 0])
  ("ode" .
   [3 0 0])
  ("library" .
   [1 0 0 0 0 0 1])
  ("30.5" .
   [1 0 0 0])
  ("30" .
   [3 0])
  ("0.01" .
   [2 0 0 0])
  ("50" .
   [1 0])
  ("dNdt" .
   [0 0 1 0])
  ("55" .
   [2 0])
  ("0:30" .
   [1 0 0 0])
  ("points" .
   [3 0 0 0 0 0])
  ("sqrt" .
   [3 0 0 0])
  ("Nt" .
   [2 0])
  ("lines.ts" .
   [0 0 0 0 0 1 0 0])
  ("cbind" .
   [3 0 0 0 1])
  ("solve" .
   [1 0 0 0 0])
  ("eigen" .
   [1 0 0 0 0])
  ("matrix" .
   [1 0 0 0 1 0])
  ("N0" .
   [8 0])
  ("450" .
   [2 0 0])
  ("print" .
   [1 0 0 0 0])
  ("exp" .
   [3 0 0])
  ("as.numeric" .
   [0 0 0 0 0 0 0 0 0 2])
  ("as.null" .
   [0 0 0 0 0 0 1])
  ("X3" .
   [1 0])
  ("550" .
   [3 0 0])
  ("10" .
   [1 0])
  ("log" .
   [3 0 0])
  ("ln" .
   [1 0])
  ("Y3" .
   [7 0])
  ("coef" .
   [3 0 0 0])
  ("0.001447" .
   [0 0 0 0 1 0 1 0])
  ("mod" .
   [6 0 0])
  ("lm" .
   [2 0])
  ("length" .
   [0 0 0 0 0 2])
  ("lines" .
   [6 0 0 0 0])
  ("mydata" .
   [9 0 0 1 3 1])
  ("100" .
   [3 0 0])
  ("1:18" .
   [1 0 0 0])
  ("1000" .
   [0 0 1 0])
  ("repeat" .
   [0 0 0 0 1 0])
  ("step" .
   [1 0 0 0])
  ("sapply" .
   [2 0 0 3 0 0])
  ("18" .
   [1 0])
  ("function" .
   [2 0 0 0 0 0 0 4])
  ("par" .
   [2 0 0])
  ("c" .
   [1])
  ("plot" .
   [18 0 0 0])
  ("length<-" .
   [0 0 0 0 0 0 0 1])
  ("legend" .
   [1 0 0 0 0 0])
  ("seq" .
   [10 0 0])
  ("infert" .
   [0 0 1 0 0 0])
  ("for" .
   [6 0 0])
  ("FILE_LIST" .
   [2 0 0 0 1 0 0 0 0])
  ("line" .
   [3 0 0 0])
  ("global-rainbow-delimiters-mode" .
   [0 0 0 0 0 0 0 0 0 0 0 0 0 0 0 0 0 0 0 0 0 0 0 0 0 0 0 0 0 1])
  ("rainbow-delimiters" .
   [0 0 0 0 0 0 0 0 0 0 1 0 0 0 0 0 0 0])
  ("include" .
   [1 0 0 0 0 0 0])
  ("class=" .
   [1 0 0 0 0 0])
  ("logout" .
   [0 0 0 0 0 1])
  ("invalid_login" .
   [1 0 0 0 0 0 0 0 0 0 0 0 0])
  ("invalid" .
   [0 0 0 2 0 0 0])
  ("reduce" .
   [0 0 0 1 0 0])
  ("loggedin" .
   [1 0 0 0 0 0 0 0])
  ("elif" .
   [0 0 1 0])
  ("HttpResponseRedicrect" .
   [0 0 0 1 1 0 0 0 0 0 0 0 0 0 1 0 0 0 0 0 0])
  ("auth_view" .
   [0 0 0 0 1 0 0 0 0])
  ("user" .
   [3 0 0 0])
  ("password" .
   [0 0 0 0 0 1 0 1])
  ("username" .
   [3 0 0 0 0 0 0 0])
  ("auth" .
   [2 0 0 0])
  ("get" .
   [1 0 1])
  ("POST" .
   [1 0 0 0])
  ("csrf" .
   [1 0 0 0])
  ("coerce" .
   [0 0 1 0 1 0])
  ("lang" .
   [1 0 0 0])
  ("response" .
   [0 0 0 1 1 0 0 0])
  ("COOKIES" .
   [0 0 1 0 0 0 0])
  ("language" .
   [0 0 0 2 1 0 2 2])
  ("/li" .
   [2 0 0])
  ("/ul" .
   [1 0 0])
  ("class" .
   [3 0 0 0 0])
  ("/div" .
   [6 0 0 0])
  ("div" .
   [4 0 0])
  ("block" .
   [1 0 0 0 0])
  ("/a" .
   [1 0])
  ("href=" .
   [1 0 0 0 0])
  ("post" .
   [1 0 0 0])
  ("object" .
   [0 0 0 1 1 1])
  ("ListViews" .
   [0 0 0 0 1 0 0 0 0])
  ("patterns" .
   [0 0 0 0 0 0 1 0])
  ("urls" .
   [0 0 0 1])
  ("title" .
   [1 0 1 0 0])
  ("models" .
   [3 0 0 0 2 3])
  ("hello" .
   [2 0 0 0 0])
  ("html" .
   [1 0 0 0])
  ("HttpResponse" .
   [0 0 0 4 1 0 0 0 0 0 0 0])
  ("return" .
   [0 0 0 2 8 2])
  ("now" .
   [2 0 0])
  ("datetime" .
   [0 0 1 0 1 0 1 0])
  ("import" .
   [0 0 0 0 0 15])
  ("from" .
   [0 0 0 4])
  ("flyspell" .
   [0 0 0 0 1 0 0 0])
  ("rest" .
   [0 0 1 0])
  ("require" .
   [1 0 0 1 1 1 0])
  ("lambda" .
   [1 0 0 1 0 0])
  ("add-hook" .
   [0 0 0 0 0 0 0 1])
  ("eigvalues_sum" .
   [0 0 0 1 0 2 0 0 0 0 0 0 0])
  ("tmp" .
   [12 0 0])
  ("eigvalues" .
   [1 0 0 0 0 0 0 0 0])
  ("index" .
   [2 0 0 0 0])
  ("fork" .
   [0 0 0 1])
  ("elevation" .
   [1 0 0 1 1 1 0 0 0])
  ("data.frame" .
   [0 0 0 0 0 0 0 0 0 1])
  ("loess" .
   [1 0 0 0 0])
  ("predict" .
   [0 0 0 0 0 0 1])
  ("elevation.loess" .
   [0 0 0 0 0 0 0 0 0 0 0 0 1 1 0])
  ("elevation.fit" .
   [0 0 0 0 0 0 0 0 0 0 0 0 2])
  ("expand.grid" .
   [0 0 0 0 0 0 0 0 0 0 1])
  ("elevation.fit$Height" .
   [1 0 0 0 0 0 0 0 0 0 0 0 0 0 0 0 0 0 0 0])
  ("as" .
   [1 0])
  ("numeric" .
   [1 0 0 0 0 0 0])
  ("persp" .
   [1 0 0 0 0])
  ("data" .
   [3 0 0 0])
  ("el<-" .
   [0 0 0 1])
  ("eval" .
   [0 0 0 1])
  ("django" .
   [0 0 6 0 0 0])
  ("conf" .
   [0 0 0 1])
  ("url" .
   [4 0 1])
  ("def" .
   [0 0 1])
  ("mysite" .
   [1 0 0 0 0 0])
  ("views" .
   [1 0 0 0 1])
  ("current_datetime" .
   [0 0 0 0 1 0 0 0 0 0 0 0 0 0 0 0])
  ("admin" .
   [1 0 0 0 0])
  ("Post" .
   [3 0 0 0])
  ("auto-complete" .
   [0 0 0 0 0 1 0 0 0 0 0 0 0])
  ("auto-complete-mode" .
   [0 0 0 0 0 0 0 0 0 0 0 0 0 0 0 0 0 1])
  ("link" .
   [0 0 1 3])
  ("visited" .
   [0 0 2 1 0 0 0])
  ("color" .
   [0 1 0 1 2])
  ("hover" .
   [5 1 1 0 0])
  ("active" .
   [0 1 2 0 0 1])
  ("box" .
   [0 0 1])
  ("body" .
   [1 0 0 0])
  ("0" .
   [4])
  ("auto" .
   [0 1 0 0])
  ("clear" .
   [0 0 0 0 1])
  ("width" .
   [0 0 2 0 2])
  ("background-color" .
   [0 0 0 0 1 0 0 2 0 0 0 0 0 0 0 1])
  ("797979" .
   [0 1 0 0 1 0])
  ("height" .
   [0 0 0 1 2 0])
  ("border" .
   [0 0 0 0 0 1])
  ("mainHead" .
   [0 0 0 0 7 0 0 3])
  ("nav" .
   [7 0 1])
  ("left" .
   [0 0 1 2])
  ("display" .
   [0 0 0 0 1 0 1])
  ("inline" .
   [0 0 0 1 0 0])
  ("inline-table" .
   [0 0 0 0 0 0 0 0 0 0 0 1])
  ("padding" .
   [2 0 0 0 0 0 0])
  ("Background" .
   [2 0 0 0 0 0 0 0 0 0])
  ("text" .
   [0 0 0 1])
  ("text-shadow" .
   [0 0 0 0 0 0 1 0 0 0 0])
  ("inline-block" .
   [0 0 0 0 0 0 0 0 0 1 0 0])
  ("float" .
   [0 0 0 0 2])
  ("margin" .
   [0 0 2 1 0 1])
  ("1%" .
   [2 1])
  ("0%" .
   [3 1])
  ("line-height" .
   [0 0 0 0 0 0 0 1 0 0 0])
  ("20px" .
   [1 0 0 0])
  ("content" .
   [0 0 0 0 0 1 1])
  ("right" .
   [0 0 0 1 0])
  ("2%" .
   [2 0])
  ("font" .
   [0 0 0 1])
  ("font-style" .
   [0 0 0 0 0 0 0 0 1 0])
  ("italic" .
   [0 0 0 0 1 0])
  ("75%" .
   [0 0 1])
  ("f8f8f8" .
   [0 0 0 0 1 0])
  ("40px" .
   [0 0 1 0])
  ("1" .
   [1])
  ("sideInfo" .
   [1 0 0 0 0 1 1 0])
  ("TEMPLATE_DEBUG" .
   [0 0 0 1 0 0 0 0 0 0 0 0 0 0])
  ("ArithmeticError" .
   [0 0 0 1 0 0 0 0 0 0 0 0 0 0 0])
  ("article" .
   [0 0 0 1 0 0 4])
  ("request" .
   [2 0 5 5 5 0 4])
  ("render_to_response" .
   [0 0 0 0 2 0 2 1 0 1 0 0 0 0 0 0 0 0])
  ("Article" .
   [0 0 0 1 2 0 1])
  ("article_id" .
   [1 0 0 0 0 0 0 0 0 0])
  ("Language" .
   [0 0 0 1 0 0 0 0])
  ("login" .
   [2 0 0 1 1])
  ("loggedout" .
   [1 0 0 0 0 0 0 0 0])
  ("endblock" .
   [0 0 0 0 0 1 0 0])
  ("/article" .
   [0 0 0 0 1 0 0 0])
  ("-v" .
   [1 0])
  ("file" .
   [8 0 0 0])
  ("NEG_FILES" .
   [0 0 0 2 0 0 0 0 0])
  ("./merge.sh" .
   [0 0 0 0 1 0 0 0 0 0])
  ("./neg/*.txt" .
   [0 0 0 0 0 1 0 0 0 0 0])
  ("shapiro.test" .
   [0 0 0 2 0 0 0 0 0 0 0 0])
  ("dim" .
   [4 0 1])
  ("read.csv" .
   [0 0 0 0 0 0 0 1])
  ("names" .
   [1 0 0 0 1])
  ("quit" .
   [0 0 0 1])
  ("quantile.default" .
   [0 0 0 0 0 0 0 0 0 1 0 0 0 0 0 0])
  ("--genomeDir" .
   [1 0 0 0 0 0 0 0 0 0 0])
  ("../genomes" .
   [0 0 0 0 0 0 0 0 0 1])
  ("--readFilesIn" .
   [0 0 0 0 0 0 0 0 0 0 0 0 1])
  ("samtools" .
   [1 0 0 2 2 0 0 3])
  ("view" .
   [2 0 0 1])
  ("i.starout.sorted.bai" .
   [0 0 0 0 0 0 0 0 0 0 0 0 0 0 0 0 0 0 0 1])
  ("i.starout.sorted.bam" .
   [0 0 1 0 0 0 0 0 0 0 0 0 0 0 0 0 0 0 0 0])
  ("1:dim" .
   [1 0 0 0 0])
  ("TRUE" .
   [2 0 0 0])
  ("FALSE" .
   [0 0 0 0 1])
  ("N_init" .
   [0 0 0 0 1 0])
  ("nlm" .
   [1 0 0])
  ("all" .
   [1 0 0])
  ("best_alphas" .
   [0 0 0 0 0 0 0 1 0 0 0])
  ("parms" .
   [1 0 0 0 0])
  ("with" .
   [1 0 0 0])
  ("alpha_12" .
   [1 0 0 0 0 0 0 0])
  ("alpha_21" .
   [2 0 0 0 0 0 0 0])
  ("xy" .
   [4 0])
  ("RSS" .
   [2 0 0])
  ("sub" .
   [0 0 1])
  ("reg$residuals" .
   [0 0 0 0 0 0 0 2 0 0 0 0 0])
  ("sum" .
   [1 0 0])
  ("13" .
   [1 0])
  ("reg" .
   [1 0 0])
  ("Summary" .
   [1 0 0 0 0 0 1])
  ("residuals" .
   [1 0 0 0 0 0 0 0 0])
  ("summary" .
   [0 0 0 1 0 0 1])
  ("scale" .
   [1 0 0 0 0])
  ("cv" .
   [1 0])
  ("Lambda" .
   [0 0 0 1 0 0])))
